2356	2389	2334	2368	2309	2247	2289	2321	510	2991	2548	2513	2457	2475	2596	4095
2355	2388	2334	2367	2308	2247	2288	2321	511	2992	2548	2515	2457	2475	2596	4095
2355	2388	2334	2368	2309	2247	2289	2321	510	2990	2548	2514	2457	2476	2597	4095
2355	2388	2334	2368	2308	2247	2289	2322	510	2993	2549	2514	2457	2476	2597	4095
2355	2388	2333	2367	2308	2247	2288	2321	2560	2992	2549	2515	2457	2476	2597	4095
2356	2388	2334	2368	2309	2248	2288	2322	509	2991	2547	2513	2457	2475	2596	4095
2355	2388	2333	2367	2308	2247	2288	2321	510	2992	2549	2514	2457	2476	2598	4095
2356	2389	2335	2368	2309	2247	2288	2321	511	2992	2549	2515	2457	2476	2598	4095
2356	2389	2335	2369	2309	2247	2289	2321	509	2990	2548	2513	2456	2476	2596	4095
2356	2389	2334	2368	2308	2248	2289	2321	511	2991	2548	2514	2457	2476	2597	4095
2355	2388	2334	2367	2308	2247	2288	2321	510	2991	2548	2514	2457	2476	2597	4095
2356	2388	2334	2368	2308	2247	2289	2321	510	2991	2548	2514	2457	2476	2597	4095
2357	2389	2335	2368	2309	2247	2289	2322	511	2992	2548	2514	2456	2476	2596	4095
2356	2389	2334	2368	2309	2248	2289	2321	511	2991	2548	2514	2457	2476	2597	4095
2356	2388	2334	2368	2308	2247	2289	2321	511	2991	2549	2515	2457	2476	2597	4095
2356	2389	2334	2368	2309	2248	2289	2322	510	2991	2549	2515	2457	2476	2597	4095
2356	2389	2335	2369	2308	2247	2289	2321	2560	2996	2550	2516	2458	2477	2597	4095
2357	2389	2335	2369	2309	2247	2289	2321	511	2995	2550	2515	2457	2476	2597	4095
2355	2388	2334	2368	2308	2248	2289	2321	510	2994	2548	2514	2457	2476	2597	4095
2356	2389	2335	2368	2309	2248	2289	2321	511	2993	2549	2515	2457	2476	2597	4095
2356	2388	2334	2368	2309	2248	2289	2322	2560	2992	2549	2515	2457	2476	2598	4095
2355	2388	2333	2367	2308	2247	2289	2321	511	2991	2548	2514	2457	2476	2597	4095
2355	2388	2333	2367	2308	2247	2288	2321	510	2991	2548	2514	2457	2477	2598	4095
2355	2388	2334	2368	2309	2247	2289	2321	511	2992	2549	2515	2457	2476	2597	4095
2355	2388	2334	2367	2308	2247	2288	2321	2560	2993	2550	2515	2457	2476	2598	4095
2357	2389	2335	2368	2308	2248	2289	2321	511	2991	2549	2515	2457	2476	2596	4095
2357	2389	2335	2369	2309	2248	2289	2321	510	2991	2548	2514	2457	2476	2597	4095
2356	2388	2334	2367	2308	2248	2289	2322	511	2993	2549	2514	2456	2476	2597	4095
2356	2388	2334	2368	2309	2248	2289	2321	510	2992	2549	2514	2457	2476	2598	4095
2356	2389	2334	2368	2308	2247	2288	2321	511	2992	2549	2515	2457	2476	2597	4095
2356	2389	2335	2369	2308	2247	2289	2321	510	2991	2548	2514	2458	2477	2598	4095
2356	2389	2334	2368	2309	2248	2289	2322	510	2991	2549	2514	2457	2476	2597	4095
2356	2388	2333	2367	2308	2247	2289	2322	510	2992	2549	2515	2457	2476	2596	4095
2356	2388	2334	2369	2308	2247	2289	2321	510	2991	2548	2514	2457	2476	2597	4095
2356	2388	2334	2368	2309	2247	2289	2322	510	2991	2548	2515	2457	2476	2597	4095
2356	2389	2335	2368	2308	2247	2289	2321	511	2993	2549	2515	2457	2476	2597	4095
2355	2388	2334	2368	2308	2247	2288	2321	2560	2992	2549	2515	2458	2476	2598	4095
2356	2389	2334	2368	2308	2247	2289	2321	511	2992	2549	2515	2458	2476	2598	4095
2356	2388	2334	2368	2308	2247	2288	2321	2560	2993	2550	2515	2457	2477	2598	4095
2355	2387	2334	2367	2307	2247	2288	2321	511	2993	2550	2515	2458	2476	2597	4095
2356	2389	2335	2368	2309	2248	2289	2321	2560	2993	2550	2515	2458	2477	2598	4095
2356	2389	2334	2368	2309	2248	2289	2321	510	2991	2548	2513	2457	2476	2597	4095
2355	2388	2334	2367	2308	2247	2288	2320	510	2992	2549	2514	2457	2476	2598	4095
2356	2389	2335	2368	2308	2247	2288	2321	511	2991	2549	2514	2457	2476	2597	4095
2356	2389	2334	2368	2308	2247	2288	2321	510	2992	2548	2514	2458	2476	2598	4095
2356	2389	2334	2368	2309	2247	2289	2321	511	2991	2549	2515	2457	2477	2598	4095
2356	2389	2334	2368	2309	2248	2289	2321	511	2992	2550	2515	2457	2476	2598	4095
2356	2388	2334	2368	2308	2247	2288	2322	510	2991	2549	2515	2457	2476	2597	4095
2356	2389	2335	2369	2308	2247	2289	2322	2560	2992	2549	2515	2458	2477	2597	4095
2356	2388	2334	2368	2309	2248	2289	2321	511	2991	2548	2514	2457	2476	2597	4095
2356	2389	2335	2369	2308	2248	2289	2321	510	2991	2548	2514	2457	2476	2596	4095
2356	2388	2334	2368	2308	2247	2288	2321	511	2991	2548	2513	2457	2476	2597	4095
2356	2388	2334	2368	2308	2247	2289	2321	2560	2992	2549	2515	2457	2476	2597	4095
2357	2389	2335	2369	2308	2248	2289	2322	511	2991	2548	2514	2457	2476	2597	4095
2356	2389	2335	2369	2309	2248	2288	2321	510	2991	2548	2514	2457	2476	2598	4095
2356	2389	2334	2368	2309	2248	2289	2321	511	2992	2549	2515	2457	2476	2597	4095
2356	2389	2334	2368	2308	2247	2288	2321	510	2992	2549	2514	2458	2476	2598	4095
2356	2388	2334	2368	2308	2247	2288	2321	511	2992	2548	2515	2458	2476	2598	4095
2356	2389	2335	2368	2308	2247	2289	2322	511	2992	2550	2515	2457	2477	2598	4095
2355	2389	2334	2368	2309	2248	2289	2321	511	2993	2550	2515	2457	2476	2598	4095
2355	2388	2333	2368	2309	2248	2289	2321	511	2992	2548	2514	2457	2476	2598	4095
2356	2389	2335	2369	2308	2247	2289	2321	511	2991	2549	2515	2458	2477	2597	4095
2356	2389	2335	2368	2308	2248	2289	2321	510	2991	2548	2514	2457	2476	2597	4095
2356	2388	2334	2368	2308	2247	2289	2321	511	2993	2549	2514	2457	2476	2597	4095
2355	2388	2334	2368	2309	2248	2289	2322	510	2992	2548	2514	2457	2476	2597	4095
2356	2389	2335	2369	2309	2248	2289	2321	511	2991	2548	2514	2457	2476	2597	4095
2356	2388	2334	2368	2308	2248	2288	2321	511	2992	2549	2514	2457	2475	2597	4095
2356	2389	2335	2369	2308	2247	2289	2321	510	2991	2549	2513	2457	2476	2597	4095
2355	2388	2333	2367	2308	2247	2288	2320	2560	2992	2548	2514	2457	2476	2597	4095
2355	2388	2334	2368	2308	2247	2288	2321	511	2993	2550	2515	2458	2477	2597	4095
2355	2388	2334	2367	2308	2247	2288	2321	511	2992	2550	2515	2458	2476	2597	4095
2355	2388	2334	2367	2308	2246	2288	2321	511	2992	2549	2514	2457	2477	2597	4095
2355	2388	2333	2367	2308	2247	2288	2321	510	2992	2549	2514	2457	2476	2597	4095
2356	2389	2334	2368	2308	2248	2289	2321	511	2992	2549	2515	2458	2476	2597	4095
2356	2388	2334	2367	2308	2247	2289	2322	511	2992	2550	2515	2458	2477	2598	4095
2356	2388	2333	2367	2308	2247	2288	2320	510	2991	2549	2514	2457	2477	2598	4095
2355	2388	2333	2367	2308	2247	2289	2321	510	2992	2549	2514	2457	2477	2598	4095
2356	2389	2334	2368	2308	2247	2289	2321	511	2991	2549	2514	2457	2476	2598	4095
2356	2389	2335	2369	2308	2247	2289	2322	510	2992	2549	2515	2457	2476	2598	4095
2355	2388	2333	2367	2308	2247	2288	2321	510	2991	2549	2514	2457	2476	2597	4095
2355	2388	2334	2367	2308	2247	2288	2321	510	2992	2548	2514	2457	2476	2597	4095
2356	2389	2334	2369	2309	2248	2289	2322	511	2991	2548	2514	2457	2476	2597	4095
2356	2389	2334	2368	2308	2248	2289	2321	511	2992	2549	2514	2457	2476	2597	4095
2356	2389	2335	2369	2309	2247	2289	2321	511	2993	2549	2515	2458	2477	2598	4095
2357	2389	2335	2369	2309	2248	2289	2321	2560	2992	2550	2515	2457	2476	2597	4095
2355	2388	2334	2367	2308	2248	2289	2321	511	2992	2549	2515	2457	2476	2597	4095
2356	2389	2334	2368	2309	2248	2289	2321	510	2991	2548	2514	2457	2476	2597	4095
2355	2388	2334	2368	2308	2247	2288	2321	511	2993	2549	2515	2457	2476	2597	4095
2356	2388	2333	2367	2308	2247	2288	2321	2560	2993	2550	2516	2458	2477	2598	4095
2356	2388	2334	2368	2308	2247	2288	2320	2560	2993	2550	2515	2457	2476	2598	4095
2356	2389	2334	2368	2308	2248	2289	2321	510	2991	2549	2514	2457	2476	2598	4095
2356	2389	2335	2368	2309	2248	2289	2321	510	2991	2549	2514	2457	2476	2597	4095
2356	2389	2335	2368	2308	2247	2289	2321	2560	2993	2550	2516	2458	2476	2598	4095
2356	2388	2333	2367	2308	2247	2289	2321	511	2991	2548	2514	2457	2476	2597	4095
2356	2388	2334	2368	2309	2247	2289	2321	511	2991	2549	2514	2457	2476	2598	4095
2355	2388	2333	2368	2308	2248	2289	2321	2561	2993	2550	2515	2457	2477	2597	4095
2356	2388	2334	2368	2308	2247	2289	2321	2560	2992	2550	2516	2458	2477	2598	4095
2356	2389	2334	2368	2308	2247	2289	2321	511	2991	2549	2515	2457	2476	2597	4095
2356	2388	2334	2368	2308	2248	2289	2321	510	2991	2548	2514	2457	2476	2597	4095
2355	2388	2334	2368	2308	2247	2289	2321	510	2991	2548	2514	2457	2476	2597	4095
2355	2388	2334	2367	2308	2246	2289	2321	2560	2992	2550	2515	2457	2476	2597	4095
2355	2388	2334	2367	2308	2247	2288	2321	511	2992	2549	2514	2457	2476	2598	4095
2355	2388	2333	2367	2308	2247	2289	2321	511	2992	2550	2515	2457	2476	2598	4095
2355	2388	2334	2368	2308	2247	2288	2321	511	2992	2549	2514	2457	2476	2597	4095
2356	2388	2334	2368	2308	2247	2288	2321	2560	2992	2549	2515	2458	2477	2598	4095
2355	2387	2333	2367	2307	2247	2288	2320	511	2992	2549	2515	2458	2477	2598	4095
2356	2389	2335	2369	2308	2248	2289	2321	511	2992	2549	2515	2458	2477	2598	4095
2355	2388	2333	2367	2308	2247	2289	2321	511	2993	2549	2515	2457	2477	2597	4095
2355	2388	2334	2367	2308	2247	2289	2322	2560	2992	2550	2516	2458	2477	2598	4095
2356	2388	2334	2368	2309	2248	2289	2321	511	2992	2549	2515	2458	2477	2598	4095
2355	2388	2334	2368	2309	2247	2289	2321	2560	2993	2550	2516	2458	2477	2598	4095
2356	2388	2334	2368	2308	2247	2289	2322	511	2991	2549	2515	2458	2477	2598	4095
2355	2388	2334	2367	2308	2247	2289	2321	2560	2992	2549	2515	2458	2477	2598	4095
2356	2388	2334	2368	2308	2247	2288	2321	511	2992	2549	2515	2458	2477	2598	4095
2355	2388	2333	2367	2308	2247	2288	2321	510	2991	2549	2514	2457	2476	2597	4095
2356	2389	2335	2369	2308	2248	2289	2321	511	2993	2549	2514	2457	2476	2597	4095
2355	2388	2334	2368	2308	2247	2288	2321	2560	2992	2550	2515	2458	2476	2598	4095
2356	2389	2334	2368	2308	2247	2288	2321	511	2992	2549	2515	2457	2477	2598	4095
2355	2388	2333	2367	2308	2247	2288	2320	510	2992	2549	2515	2458	2477	2598	4095
2356	2388	2334	2368	2308	2247	2288	2321	511	2992	2549	2515	2457	2477	2597	4095
2356	2389	2335	2368	2308	2247	2288	2321	2560	2994	2550	2516	2458	2477	2598	4095
2355	2388	2333	2367	2308	2247	2288	2321	511	2992	2549	2515	2458	2476	2598	4095
2355	2388	2334	2368	2308	2247	2289	2321	2560	2994	2550	2515	2458	2477	2598	4095
2356	2389	2334	2368	2308	2247	2289	2321	511	2993	2550	2515	2458	2477	2598	4095
2355	2388	2334	2368	2308	2248	2288	2321	510	2992	2549	2514	2457	2476	2598	4095
2356	2388	2334	2368	2308	2247	2289	2321	511	2992	2549	2515	2458	2477	2598	4095
2356	2388	2334	2368	2308	2247	2288	2321	511	2992	2549	2514	2458	2477	2598	4095
2356	2389	2334	2368	2308	2247	2288	2321	510	2991	2549	2514	2457	2476	2597	4095
2356	2389	2334	2368	2309	2247	2289	2321	2560	2992	2549	2514	2457	2476	2598	4095
2356	2389	2334	2368	2308	2247	2289	2321	511	2991	2549	2514	2457	2476	2598	4095
2355	2388	2334	2368	2308	2247	2288	2321	510	2991	2548	2514	2457	2476	2597	4095
2355	2388	2334	2367	2308	2247	2288	2321	2561	2993	2551	2516	2458	2477	2598	4095
2356	2389	2334	2368	2308	2247	2288	2321	2560	2992	2549	2514	2458	2477	2598	4095
2356	2388	2334	2368	2308	2247	2288	2321	511	2993	2550	2515	2457	2477	2598	4095
2355	2388	2333	2367	2308	2247	2289	2321	2560	2993	2550	2515	2458	2477	2598	4095
2356	2389	2334	2368	2308	2247	2288	2321	2561	2993	2551	2516	2458	2477	2598	4095
2356	2389	2334	2368	2308	2247	2289	2321	2560	2993	2550	2516	2458	2477	2598	4095
2355	2388	2333	2367	2308	2247	2289	2321	511	2992	2549	2515	2458	2477	2597	4095
2356	2388	2334	2368	2308	2247	2289	2321	2560	2994	2550	2515	2457	2476	2598	4095
2356	2388	2334	2368	2308	2247	2289	2321	510	2991	2548	2513	2457	2476	2597	4095
2356	2389	2334	2369	2309	2248	2289	2321	2560	2992	2550	2515	2457	2477	2598	4095
2355	2388	2333	2367	2308	2247	2288	2321	511	2991	2549	2514	2457	2476	2598	4095
2355	2388	2333	2367	2307	2247	2288	2321	511	2993	2550	2515	2458	2476	2598	4095
2356	2388	2334	2368	2308	2247	2288	2321	2560	2993	2550	2516	2458	2477	2598	4095
2355	2388	2333	2367	2307	2247	2288	2320	511	2992	2549	2516	2458	2477	2599	4095
2355	2388	2333	2367	2308	2247	2288	2321	2560	2995	2551	2516	2458	2477	2598	4095
2355	2388	2333	2367	2308	2247	2288	2321	511	2994	2550	2514	2458	2477	2598	4095
2356	2389	2335	2369	2308	2248	2289	2321	2561	2993	2550	2515	2458	2477	2598	4095
2355	2388	2334	2368	2308	2247	2289	2321	2560	2992	2549	2515	2458	2476	2598	4095
2355	2388	2333	2367	2308	2247	2289	2321	2560	2993	2550	2515	2458	2477	2599	4095
2356	2388	2334	2368	2308	2247	2288	2321	511	2993	2550	2516	2458	2477	2598	4095
2355	2388	2333	2367	2308	2247	2288	2321	510	2991	2549	2514	2457	2476	2597	4095
2356	2389	2334	2368	2308	2247	2288	2321	2560	2992	2549	2515	2457	2476	2598	4095
2355	2388	2334	2367	2308	2247	2288	2321	2560	2993	2551	2516	2458	2477	2598	4095
2355	2388	2333	2367	2308	2247	2288	2321	2560	2994	2550	2516	2458	2477	2598	4095
2355	2388	2333	2367	2308	2247	2288	2321	511	2993	2549	2514	2457	2476	2598	4095
2356	2389	2335	2369	2309	2248	2289	2321	2560	2992	2549	2515	2458	2476	2598	4095
2356	2389	2334	2368	2308	2247	2288	2321	2560	2993	2550	2515	2458	2477	2599	4095
2356	2389	2334	2368	2308	2247	2288	2321	2560	2992	2550	2515	2458	2476	2598	4095
2355	2389	2334	2367	2308	2247	2289	2321	511	2993	2549	2515	2457	2477	2598	4095
2356	2389	2334	2368	2308	2247	2288	2321	510	2992	2549	2514	2457	2476	2597	4095
2356	2389	2334	2369	2308	2247	2289	2321	511	2993	2550	2515	2457	2477	2597	4095
2355	2388	2334	2367	2308	2247	2288	2321	510	2991	2548	2514	2457	2476	2597	4095
2355	2388	2333	2367	2308	2247	2288	2320	2561	2993	2550	2515	2458	2476	2597	4095
2355	2388	2334	2368	2308	2247	2288	2321	2560	2994	2551	2516	2458	2477	2598	4095
2355	2387	2333	2367	2307	2247	2288	2320	511	2993	2550	2516	2458	2477	2598	4095
2355	2388	2334	2368	2308	2247	2288	2320	2560	2994	2550	2516	2458	2477	2598	4095
2355	2388	2333	2367	2307	2247	2288	2321	511	2993	2549	2515	2458	2477	2598	4095
2355	2389	2334	2368	2308	2247	2288	2320	2560	2994	2551	2516	2458	2477	2598	4095
2356	2388	2334	2368	2308	2247	2289	2321	2560	2993	2550	2516	2458	2477	2599	4095
2355	2388	2333	2367	2308	2247	2288	2321	2560	2994	2550	2516	2458	2477	2598	4095
2355	2388	2333	2368	2308	2247	2289	2321	2561	2993	2551	2516	2457	2476	2598	4095
2356	2389	2334	2369	2308	2247	2289	2321	2560	2993	2550	2516	2457	2477	2598	4095
2356	2389	2335	2368	2308	2247	2289	2321	511	2992	2550	2515	2458	2477	2597	4095
2356	2389	2334	2368	2308	2248	2288	2321	2560	2994	2550	2516	2458	2477	2598	4095
2355	2388	2334	2368	2308	2247	2288	2321	510	2992	2549	2514	2457	2476	2597	4095
2356	2388	2334	2367	2308	2247	2288	2321	2560	2993	2550	2516	2458	2476	2597	4095
2355	2388	2333	2367	2308	2247	2288	2321	511	2992	2548	2515	2458	2477	2598	4095
2356	2389	2334	2368	2308	2247	2288	2320	511	2992	2549	2514	2457	2476	2597	4095
2355	2388	2333	2367	2307	2247	2288	2321	2560	2993	2550	2515	2458	2477	2598	4095
2355	2388	2334	2368	2308	2247	2288	2321	2560	2992	2549	2515	2458	2477	2598	4095
2356	2388	2333	2368	2308	2247	2288	2321	511	2992	2549	2515	2458	2477	2598	4095
2356	2389	2335	2368	2308	2247	2289	2321	2560	2994	2550	2516	2458	2477	2598	4095
2355	2388	2334	2367	2308	2247	2289	2321	511	2993	2550	2515	2458	2477	2599	4095
2355	2388	2333	2367	2308	2248	2288	2321	2560	2992	2550	2516	2458	2477	2598	4095
2356	2389	2335	2368	2308	2248	2288	2321	511	2991	2549	2515	2458	2477	2598	4095
2355	2388	2333	2367	2308	2247	2288	2321	511	2992	2549	2514	2458	2477	2598	4095
2355	2388	2334	2367	2308	2247	2289	2322	2561	2993	2550	2515	2457	2477	2598	4095
2355	2388	2333	2368	2308	2247	2289	2321	2560	2992	2549	2515	2458	2476	2598	4095
2356	2388	2334	2368	2308	2247	2288	2320	511	2992	2550	2515	2458	2477	2598	4095
2356	2388	2334	2368	2308	2247	2288	2321	2560	2994	2551	2516	2458	2477	2598	4095
2355	2388	2333	2368	2308	2247	2288	2320	511	2992	2549	2515	2458	2477	2598	4095
2355	2387	2333	2367	2308	2247	2288	2320	2560	2994	2550	2516	2458	2477	2599	4095
2356	2388	2333	2368	2308	2247	2289	2321	2560	2993	2550	2516	2458	2477	2599	4095
2355	2388	2333	2368	2308	2247	2289	2321	2562	2994	2550	2515	2458	2478	2599	4095
2355	2388	2333	2367	2308	2247	2288	2321	2561	2993	2549	2514	2458	2477	2598	4095
2356	2388	2334	2368	2308	2247	2289	2321	2560	2992	2548	2514	2457	2476	2597	4095
2356	2388	2334	2368	2308	2247	2288	2321	511	2991	2548	2514	2456	2475	2596	4095
2355	2388	2333	2367	2308	2247	2288	2321	511	2992	2549	2514	2456	2475	2596	4095
2355	2387	2333	2366	2307	2246	2288	2320	511	2991	2549	2514	2457	2476	2597	4095
